$GPGGA,230611.016,3907.3813,N,12102.4635,W,0,04,5.7,507.9,M,,,,0000*11
$GPGLL,3907.3813,N,12102.4635,W,230611.016,V*31
$GPGSA,A,1,27,08,28,13,,,,,,,,,21.7,5.7,20.9*38
$GPGSV,3,1,10,27,68,048,42,08,63,326,43,28,48,239,40,13,39,154,39*7E
$GPGSV,3,2,10,31,38,069,34,10,23,282,,03,12,041,,29,09,319,*7C
$GPGSV,3,3,10,23,07,325,,01,05,145,*7E
$GPRMC,230611.016,V,3907.3813,N,12102.4635,W,0.14,136.40,041002,,*04
$GPVTG,136.40,T,,M,0.14,N,0.3,K*66
$GPGGA,230612.015,3907.3815,N,12102.4634,W,0,04,5.7,508.3,M,,,,0000*13
$GPGGA,120557.916,5058.7456,N,00647.0515,E,2,06,1.7,108.5,M,47.6,M,1.5,0000*7A
$GPGSA,A,3,20,11,25,01,14,31,,,,,,,2.6,1.7,1.9*3B
$GPGSV,2,1,08,11,74,137,45,20,58,248,43,07,27,309,00,14,23,044,36*7A
$GPGSV,2,2,08,01,14,187,41,25,13,099,39,31,11,172,37,28,09,265,*71
$GPRMC,120557.916,A,5058.7456,N,00647.0515,E,0.00,82.33,220503,,*39
$GPGGA,120558.916,5058.7457,N,00647.0514,E,2,06,1.7,109.0,M,47.6,M,1.5,0000*71
$GPGGA,001430.003,3907.3885,N,12102.4767,W,1,05,02.1,00545.6,M,-26.0,M,,*5F
$GPGSA,A,3,15,18,14,,,31,,,23,,,,04.5,02.1,04.0*0F
$GPGSV,3,1,10,15,48,123,35,18,36,064,36,14,77,186,39,03,36,239,29*7A
$GPGSV,3,2,10,09,08,059,,31,35,276,35,17,10,125,,11,08,306,*79
$GPGSV,3,3,10,23,41,059,37,25,06,173,*70
$GPRMC,001430.003,A,3907.3885,N,12102.4767,W,000.0,175.3,220403,015.4,E*71
$GPGGA,001431.003,3907.3885,N,12102.4767,W,1,05,02.1,00545.5,M,-26.0,M,,*5D
$GPVTG,139.7,T,,M,010.3,N,019.1,K*67
$GPGGA,050306,4259.8839,N,07130.3922,W,0,00,99.9,0010,M,,M,000,0000*66
$GPGLL,4259.8839,N,07130.3922,W,050306,V*20
$GPRMC,050306,V,4259.8839,N,07130.3922,W,010.3,139.7,291003,,*10
$GPZDA,050306,29,10,2003,,*43
$GPGSA,A,1,,,,,,,,,,,,,99.9,99.9,99.9*09
$PSNY,0,00,05,500,06,06,06,06*14
$GPRMC,162254.00,A,3723.02837,N,12159.39853,W,0.820,188.36,110706,,,A*74
$GPVTG,188.36,T,,M,0.820,N,1.519,K,A*3F
$GPGGA,162254.00,3723.02837,N,12159.39853,W,1,03,2.36,525.6,M,-25.6,M,,*65
$GPGSA,A,2,25,01,22,,,,,,,,,,2.56,2.36,1.00*02
$GPGSV,4,1,14,25,15,175,30,14,80,041,,19,38,259,14,01,52,223,18*76
$GPGSV,4,2,14,18,16,079,,11,19,312,,14,80,041,,21,04,135,25*7D
$GPGSV,4,3,14,15,27,134,18,03,25,222,,22,51,057,16,09,07,036,*79
$GPGSV,4,4,14,07,01,181,,15,25,135,*76
$GPGLL,3723.02837,N,12159.39853,W,162254.00,A,A*7C
$GPZDA,162254.00,11,07,2006,00,00*63
